10000,     0.119,     0.001
30000,     0.366,     0.002
50000,     0.612,     0.002
70000,     0.914,     0.003
90000,     1.193,     0.003
110000,     1.381,     0.003
130000,     1.708,     0.003
150000,     1.984,     0.002
170000,     2.283,     0.003
190000,     2.660,     0.003
210000,     2.880,     0.002
230000,     2.918,     0.002
250000,     1.782,     0.001
270000,     1.881,     0.001
290000,     2.034,     0.001
310000,     2.122,     0.001
330000,     2.254,     0.001
350000,     2.473,     0.002
370000,     2.502,     0.001
390000,     2.844,     0.002
410000,     3.044,     0.001
430000,     3.268,     0.001
450000,     3.170,     0.002
470000,     3.398,     0.002
490000,     3.607,     0.002
510000,     3.740,     0.001
530000,     3.844,     0.002
550000,     4.131,     0.001
570000,     4.102,     0.002
590000,     4.418,     0.002
610000,     4.413,     0.002
630000,     4.829,     0.002
650000,     4.717,     0.003
670000,     5.037,     0.001
690000,     5.114,     0.002
710000,     5.599,     0.002
730000,     5.634,     0.002
750000,     5.669,     0.002
770000,     5.701,     0.001
790000,     5.745,     0.002
810000,     5.985,     0.002
830000,     6.167,     0.001
850000,     6.496,     0.002
870000,     6.966,     0.002
890000,     6.906,     0.001
910000,     6.333,     0.001
930000,     7.055,     0.001
950000,     6.709,     0.001
970000,     7.176,     0.002
990000,     6.942,     0.001
